image_width: 1296
image_height: 964
camera_name: chameleon_49712223533866357
camera_matrix:
  rows: 3
  cols: 3
  data: [1659.46174014648, 0, 648.456966863957, 0, 1662.3406753641, 480.16899052067, 0, 0, 1]
distortion_model: plumb_bob
distortion_coefficients:
  rows: 1
  cols: 5
  data: [-0.205341682071597, 0.230394916051026, -0.00308439531576126, 0.00022804469294459, 0]
rectification_matrix:
  rows: 3
  cols: 3
  data: [0.999796705859869, 0.00451775135148919, -0.0196503657594494, -0.00422540363382278, 0.999880155683098, 0.0148936306948627, 0.0197152964949884, -0.0148075721801313, 0.999695975229592]
projection_matrix:
  rows: 3
  cols: 4
  data: [1659.8200040065, 0, 700.834045410156, 0, 0, 1659.8200040065, 453.631828308105, 0, 0, 0, 1, 0]