image_width: 1296
image_height: 964
camera_name: chameleon_49712223533866360
camera_matrix:
  rows: 3
  cols: 3
  data: [1616.68756147468, 0, 653.604772736803, 0, 1618.0302101114, 482.71485891778, 0, 0, 1]
distortion_model: plumb_bob
distortion_coefficients:
  rows: 1
  cols: 5
  data: [-0.209370731345631, 0.145023715563552, 0.000119560289941373, -0.00175069100565543, 0]
rectification_matrix:
  rows: 3
  cols: 3
  data: [0.999745839819316, -0.0103096158714125, -0.0200491292717471, 0.0100807227645525, 0.999883237418279, -0.0114843614748878, 0.0201651876389866, 0.0112793328936411, 0.999733035293402]
projection_matrix:
  rows: 3
  cols: 4
  data: [1612.0231633222, 0, 671.95142364502, -454.200934142873, 0, 1612.0231633222, 501.121952056885, 0, 0, 0, 1, 0]
