image_width: 1296
image_height: 964
camera_name: chameleon_49712223533866360
camera_matrix:
  rows: 3
  cols: 3
  data: [1627.20040861237, 0, 649.852401286935, 0, 1627.73571715488, 486.528765960002, 0, 0, 1]
distortion_model: plumb_bob
distortion_coefficients:
  rows: 1
  cols: 5
  data: [-0.208682191436834, 0.146221382715673, 0.000995211730100001, -0.00118836594624956, 0]
rectification_matrix:
  rows: 3
  cols: 3
  data: [0.999716037664902, -0.00585697854035657, -0.0230984812913359, 0.00557079071183804, 0.999907166171236, -0.0124348433947592, 0.0231691675817947, 0.012302635562557, 0.999655858199101]
projection_matrix:
  rows: 3
  cols: 4
  data: [1613.63446025628, 0, 677.598266601562, -450.176037933268, 0, 1613.63446025628, 506.604404449463, 0, 0, 0, 1, 0]