image_width: 1296
image_height: 964
camera_name: chameleon_49712223533866357
camera_matrix:
  rows: 3
  cols: 3
  data: [1625.90963712009, 0, 631.28560597795, 0, 1625.71262505628, 525.095614674737, 0, 0, 1]
distortion_model: plumb_bob
distortion_coefficients:
  rows: 1
  cols: 5
  data: [-0.210958299770835, 0.13264941243578, 0.000108308435092615, -0.000131277387810773, 0]
rectification_matrix:
  rows: 3
  cols: 3
  data: [0.999496302655876, 0.000840744131816964, -0.0317243459591787, -0.000471204127530085, 0.999931977110597, 0.0116541459730984, 0.0317319861323403, -0.0116333271679646, 0.999428710191527]
projection_matrix:
  rows: 3
  cols: 4
  data: [1640.88203298611, 0, 662.477058410645, 0, 0, 1640.88203298611, 505.857677459717, 0, 0, 0, 1, 0]