image_width: 1296
image_height: 964
camera_name: chameleon_49712223533866360
camera_matrix:
  rows: 3
  cols: 3
  data: [1624.89612452661, 0, 648.989304162787, 0, 1627.56403213319, 484.578158504826, 0, 0, 1]
distortion_model: plumb_bob
distortion_coefficients:
  rows: 1
  cols: 5
  data: [-0.194664925402248, 0.104418864106438, 0.000680392013233759, -0.000671519137275793, 0]
rectification_matrix:
  rows: 3
  cols: 3
  data: [0.999190522774829, 0.0267398559889134, -0.0300546052819773, -0.0272303422596987, 0.999500637639908, -0.0160307148261425, 0.0296109381375017, 0.016836135515896, 0.999419700067748]
projection_matrix:
  rows: 3
  cols: 4
  data: [1665.86060550464, 0, 681.982788085938, -455.984600334071, 0, 1665.86060550464, 505.11686706543, 0, 0, 0, 1, 0]