image_width: 1296
image_height: 964
camera_name: chameleon_49712223533866357
camera_matrix:
  rows: 3
  cols: 3
  data: [1631.71281411988, 0, 639.251080804366, 0, 1632.3494453744, 525.25300700924, 0, 0, 1]
distortion_model: plumb_bob
distortion_coefficients:
  rows: 1
  cols: 5
  data: [-0.220765402845982, 0.195277374935382, -0.000281825470951793, 0.000289296769884071, 0]
rectification_matrix:
  rows: 3
  cols: 3
  data: [0.999835962799333, 0.0118260770342391, -0.0137182868869064, -0.0116554752636161, 0.99985456214994, 0.0124500780853454, 0.0138635273112746, -0.0122881426559186, 0.999828387354829]
projection_matrix:
  rows: 3
  cols: 4
  data: [1613.63446025628, 0, 677.598266601562, 0, 0, 1613.63446025628, 506.604404449463, 0, 0, 0, 1, 0]