image_width: 1296
image_height: 964
camera_name: chameleon_49712223533866360
camera_matrix:
  rows: 3
  cols: 3
  data: [1643.37, 0, 653.962, 0, 1644.04, 472.412, 0, 0, 1]
distortion_model: plumb_bob
distortion_coefficients:
  rows: 1
  cols: 5
  cols: 5
  data: [-0.193866, 0.113621, 0.00092877, -0.00045577, 0]
rectification_matrix:
  rows: 3
  cols: 3
  data: [0.999803, -0.013471, -0.0145536, 0.013286, 0.999831, -0.012733, 0.0147227, 0.0125371, 0.999813]
projection_matrix:
  rows: 3
  cols: 4
  data: [1644.04, 0, 653.962, -449.455, 0, 1644.04, 492.987, -7.91266, 0, 0, 1, -0.00400341]
