image_width: 1296
image_height: 964
camera_name: chameleon_49712223533866360
camera_matrix:
  rows: 3
  cols: 3
  data: [1658.35431293722, 0, 664.281819538012, 0, 1660.98271895915, 431.563997257808, 0, 0, 1]
distortion_model: plumb_bob
distortion_coefficients:
  rows: 1
  cols: 5
  data: [-0.18482132592128, 0.0958241679818224, -0.00214189474154397, 0.000616624305801374, 0]
rectification_matrix:
  rows: 3
  cols: 3
  data: [0.999535550463111, -0.0135726906383772, -0.0272848937919846, 0.0131659286573045, 0.999800317616899, -0.0150327381317866, 0.0274834801834801, 0.0146665252184357, 0.999514657899033]
projection_matrix:
  rows: 3
  cols: 4
  data: [1659.8200040065, 0, 700.834045410156, -451.859224505135, 0, 1659.8200040065, 453.631828308105, 0, 0, 0, 1, 0]