image_width: 1296
image_height: 964
camera_name: chameleon_49712223533866360
camera_matrix:
  rows: 3
  cols: 3
  data: [1620.9804915218, 0, 638.843147047015, 0, 1620.36171080521, 484.95923041479, 0, 0, 1]
distortion_model: plumb_bob
distortion_coefficients:
  rows: 1
  cols: 5
  data: [-0.217380350164856, 0.186594416088014, 0.000983769873410898, -0.00245160611537164, 0]
rectification_matrix:
  rows: 3
  cols: 3
  data: [0.999928985871755, -0.0118900463712111, -0.00080623245644729, 0.0118798511987556, 0.999861561416758, -0.0116501989999065, 0.00094464224911099, 0.0116397937495664, 0.999931809101245]
projection_matrix:
  rows: 3
  cols: 4
  data: [1640.88203298611, 0, 662.477058410645, -450.656916950728, 0, 1640.88203298611, 505.857677459717, 0, 0, 0, 1, 0]