image_width: 1296
image_height: 964
camera_name: chameleon_49712223533866360
camera_matrix:
  rows: 3
  cols: 3
  data: [1630.50664352803, 0, 648.257774223093, 0, 1631.09283598066, 473.070007646632, 0, 0, 1]
distortion_model: plumb_bob
distortion_coefficients:
  rows: 1
  cols: 5
  data: [-0.201436507081916, 0.155630838260007, 0.00012454130538074, -0.000915258131913725, 0]
rectification_matrix:
  rows: 3
  cols: 3
  data: [0.999606348663136, -0.012514079222555, -0.0251106657331834, 0.012177634033877, 0.999834619637751, -0.0135069834963394, 0.0252755403837191, 0.0131958779565833, 0.999593425280132]
projection_matrix:
  rows: 3
  cols: 4
  data: [1637.66748951933, 0, 674.367263793945, -444.98624936529, 0, 1637.66748951933, 491.30313873291, 0, 0, 0, 1, 0]