image_width: 1296
image_height: 964
camera_name: chameleon_49712223533866360
camera_matrix:
  rows: 3
  cols: 3
  data: [1637.50077574724, 0, 635.70838862445, 0, 1637.24109171458, 519.227248289437, 0, 0, 1]
distortion_model: plumb_bob
distortion_coefficients:
  rows: 1
  cols: 5
  data: [-0.207962860163481, 0.176131220623258, 0.000311133808787275, -0.000793465094641295, 0]
rectification_matrix:
  rows: 3
  cols: 3
  data: [0.999762940461081, 0.00718843453348443, -0.0205521115598916, -0.00693602714061816, 0.999899971264384, 0.0123263535966347, 0.020638662944024, -0.0121808815133581, 0.999712794615254]
projection_matrix:
  rows: 3
  cols: 4
  data: [1622.364937291, 0, 685.051956176758, 0, 0, 1622.364937291, 500.691478729248, 0, 0, 0, 1, 0]