image_width: 1296
image_height: 964
camera_name: chameleon_49712223533866357
camera_matrix:
  rows: 3
  cols: 3
  data: [1620.19875233866, 0, 638.985986685067, 0, 1621.66041204448, 518.927014627368, 0, 0, 1]
distortion_model: plumb_bob
distortion_coefficients:
  rows: 1
  cols: 5
  data: [-0.208245724745163, 0.146017085371455, -0.000619480328527478, 4.16645622654918e-05, 0]
rectification_matrix:
  rows: 3
  cols: 3
  data: [0.999936942442659, 0.00626595801301456, -0.00931927618462568, -0.00615947307896657, 0.999915916295279, 0.0114114517377394, 0.00938999626281501, -0.0113533303286924, 0.999891459039746]
projection_matrix:
  rows: 3
  cols: 4
  data: [1612.0231633222, 0, 671.95142364502, 0, 0, 1612.0231633222, 501.121952056885, 0, 0, 0, 1, 0]
