image_width: 1296
image_height: 964
camera_name: chameleon_49712223533866360
camera_matrix:
  rows: 3
  cols: 3
  data: [1639.47367419966, 0, 659.386433182663, 0, 1641.76144801664, 448.527897622801, 0, 0, 1]
distortion_model: plumb_bob
distortion_coefficients:
  rows: 1
  cols: 5
  data: [-0.205044063969241, 0.158581770116532, -0.00144906014098646, -0.000320077489190501, 0]
rectification_matrix:
  rows: 3
  cols: 3
  data: [0.999513838306615, -0.0132782829156267, -0.0282094706861063, 0.0129527863269034, 0.999847771496536, -0.011690130870963, 0.0283604012656255, 0.0113190563309507, 0.999533674572212]
projection_matrix:
  rows: 3
  cols: 4
  data: [1635.23850094878, 0, 696.500823974609, -445.838019974132, 0, 1635.23850094878, 465.656139373779, 0, 0, 0, 1, 0]