image_width: 1296
image_height: 964
camera_name: chameleon_49712223533866360
camera_matrix:
  rows: 3
  cols: 3
  data: [1641.41102454732, 0, 656.863807294097, 0, 1641.826892379, 434.671185018775, 0, 0, 1]
distortion_model: plumb_bob
distortion_coefficients:
  rows: 1
  cols: 5
  data: [-0.2055467025317, 0.149043594308208, -0.00189729501849994, -0.000139232594688419, 0]
rectification_matrix:
  rows: 3
  cols: 3
  data: [0.999682755472196, -0.0138159743025579, -0.0210596121899117, 0.0136019219464306, 0.999854708841871, -0.0102737007013334, 0.0211984935993487, 0.00998399022477631, 0.999725434210969]
projection_matrix:
  rows: 3
  cols: 4
  data: [1640.8118249233, 0, 679.115264892578, -446.217046701409, 0, 1640.8118249233, 452.801540374756, 0, 0, 0, 1, 0]