image_width: 1296
image_height: 964
camera_name: chameleon_49712223533866357
camera_matrix:
  rows: 3
  cols: 3
  data: [1632.37827781842, 0, 646.265592117668, 0, 1632.83300857199, 480.324432959635, 0, 0, 1]
distortion_model: plumb_bob
distortion_coefficients:
  rows: 1
  cols: 5
  data: [-0.195754862751996, 0.113440972940481, 0.00106190353706347, -0.00140534365600896, 0]
rectification_matrix:
  rows: 3
  cols: 3
  data: [0.999533384936051, -0.00899304749829675, -0.0291913941937223, 0.00863460895977379, 0.999886060402059, -0.0123818311150218, 0.0292994185333378, 0.0121239972922508, 0.999497149952548]
projection_matrix:
  rows: 3
  cols: 4
  data: [1622.364937291, 0, 685.051956176758, -457.775839424683, 0, 1622.364937291, 500.691478729248, 0, 0, 0, 1, 0]