image_width: 1296
image_height: 964
camera_name: chameleon_49712223533866357
camera_matrix:
  rows: 3
  cols: 3
  data: [1635.61341061631, 0, 636.41263926241, 0, 1635.44653389861, 509.746667042935, 0, 0, 1]
distortion_model: plumb_bob
distortion_coefficients:
  rows: 1
  cols: 5
  data: [-0.211813190585846, 0.216386518017897, -0.000943864630367914, 5.37786351209905e-05, 0]
rectification_matrix:
  rows: 3
  cols: 3
  data: [0.999935242802982, 0.00403244131960105, -0.0106418803576425, -0.00388998119383645, 0.999903001926262, 0.0133736601258179, 0.0106947766154325, -0.013331397370616, 0.999853937131466]
projection_matrix:
  rows: 3
  cols: 4
  data: [1637.66748951933, 0, 674.367263793945, 0, 0, 1637.66748951933, 491.30313873291, 0, 0, 0, 1, 0]