image_width: 1296
image_height: 964
camera_name: chameleon_49712223533866357
camera_matrix:
  rows: 3
  cols: 3
  data: [1648.66, 0, 642.536, 0, 1648.93, 513.563, 0, 0, 1]
distortion_model: plumb_bob
distortion_coefficients:
  rows: 1
  cols: 5
  cols: 5
  data: [-0.208183, 0.162133, -0.00062979, -0.00019873, 0]
rectification_matrix:
  rows: 3
  cols: 3
  data: [0.999993, 0.00131592, -0.00347348, -0.00127192, 0.999919, 0.0126379, 0.00348983, -0.0126334, 0.999914]
projection_matrix:
  rows: 3
  cols: 4
  data: [1644.04, 0, 642.536, 0, 0, 1644.04, 492.987, 0, 0, 0, 1, 0]
