image_width: 1296
image_height: 964
camera_name: chameleon_49712223533866357
camera_matrix:
  rows: 3
  cols: 3
  data: [1632.11195523608, 0, 635.262347771211, 0, 1634.36558125891, 525.334980672546, 0, 0, 1]
distortion_model: plumb_bob
distortion_coefficients:
  rows: 1
  cols: 5
  data: [-0.2091424160712, 0.175235577499544, -0.000214347478305811, -0.000820289644468724, 0]
rectification_matrix:
  rows: 3
  cols: 3
  data: [0.999114816258931, 0.0397410946848553, -0.0137923647403788, -0.0395089717219558, 0.999079435138838, 0.0167129720916017, 0.0144438597804042, -0.0161532558919347, 0.99976519605292]
projection_matrix:
  rows: 3
  cols: 4
  data: [1665.86060550464, 0, 681.982788085938, 0, 0, 1665.86060550464, 505.11686706543, 0, 0, 0, 1, 0]