image_width: 1296
image_height: 964
camera_name: chameleon_49712223533866360
camera_matrix:
  rows: 3
  cols: 3
  data: [1628.60594287697, 0, 664.347843105829, 0, 1630.15345022192, 475.297557011748, 0, 0, 1]
distortion_model: plumb_bob
distortion_coefficients:
  rows: 1
  cols: 5
  data: [-0.191385832166778, 0.087728071433057, 0.000690528241386732, -0.000282467497609393, 0]
rectification_matrix:
  rows: 3
  cols: 3
  data: [0.99969638183935, -0.0122716508368325, -0.0213670475978873, 0.012013885768131, 0.999854004843188, -0.0121505369341763, 0.0215130352591589, 0.0118901465414582, 0.999697861220659]
projection_matrix:
  rows: 3
  cols: 4
  data: [1611.18464280874, 0, 693.905143737793, -437.060509154636, 0, 1611.18464280874, 495.149211883545, 0, 0, 0, 1, 0]