image_width: 1296
image_height: 964
camera_name: chameleon_49712223533866357
camera_matrix:
  rows: 3
  cols: 3
  data: [1640.89372759484, 0, 643.335054754142, 0, 1642.89665873803, 486.336382321927, 0, 0, 1]
distortion_model: plumb_bob
distortion_coefficients:
  rows: 1
  cols: 5
  data: [-0.211697601336255, 0.203239799572133, -0.0030895922260814, 0.00101004616159208, 0]
rectification_matrix:
  rows: 3
  cols: 3
  data: [0.999780948797842, 0.00460043713611579, -0.0204178940893184, -0.00436519157609113, 0.999923754635531, 0.0115511911977376, 0.0204694778484943, -0.0114595328761392, 0.999724801924445]
projection_matrix:
  rows: 3
  cols: 4
  data: [1635.23850094878, 0, 696.500823974609, 0, 0, 1635.23850094878, 465.656139373779, 0, 0, 0, 1, 0]