image_width: 1296
image_height: 964
camera_name: chameleon_49712223533866357
camera_matrix:
  rows: 3
  cols: 3
  data: [1644.41268984897, 0, 632.281713138712, 0, 1644.29311281709, 475.234633291497, 0, 0, 1]
distortion_model: plumb_bob
distortion_coefficients:
  rows: 1
  cols: 5
  data: [-0.211479428547466, 0.171842119225603, -0.00281053631452864, 0.000802351348926285, 0]
rectification_matrix:
  rows: 3
  cols: 3
  data: [0.999859889212656, 0.00444634656193915, -0.0161379040122043, -0.00428264139281243, 0.999939168474829, 0.0101645625861526, 0.0161821174867987, -0.0100940255655697, 0.999818108318471]
projection_matrix:
  rows: 3
  cols: 4
  data: [1640.8118249233, 0, 679.115264892578, 0, 0, 1640.8118249233, 452.801540374756, 0, 0, 0, 1, 0]