image_width: 752
image_height: 480
camera_name: ueye_4002738790
camera_matrix:
  rows: 3
  cols: 3
  data: [707.166, 0, 387.692, 0, 707.051, 253.197, 0, 0, 1]
distortion_model: plumb_bob
distortion_coefficients:
  rows: 1
  cols: 5
  cols: 5
  data: [-0.153311, 0.225444, 9.54e-06, 0.00030157, 0]
rectification_matrix:
  rows: 3
  cols: 3
  data: [0.999972, 0.00704047, -0.00256077, -0.00708469, 0.999818, -0.0176929, 0.00243573, 0.0177105, 0.99984]
projection_matrix:
  rows: 3
  cols: 4
  data: [706.138, 0, 387.692, 0, 0, 706.138, 257.057, 0, 0, 0, 1, 0]
