image_width: 1296
image_height: 964
camera_name: chameleon_49712223533866357
camera_matrix:
  rows: 3
  cols: 3
  data: [1633.49675710039, 0, 652.191426250071, 0, 1635.75230917328, 514.437835106539, 0, 0, 1]
distortion_model: plumb_bob
distortion_coefficients:
  rows: 1
  cols: 5
  data: [-0.214799046350923, 0.21028296072581, -0.00068874457533382, -0.000401415442340572, 0]
rectification_matrix:
  rows: 3
  cols: 3
  data: [0.999827248615502, 0.00629816684337608, -0.0174873102668033, -0.00608748322937605, 0.999908564221902, 0.0120750049120445, 0.0175617616965529, -0.0119664652302521, 0.999774168618097]
projection_matrix:
  rows: 3
  cols: 4
  data: [1611.18464280874, 0, 693.905143737793, 0, 0, 1611.18464280874, 495.149211883545, 0, 0, 0, 1, 0]